65 0
878 8.15
929 3.56
730 7.80
715 8.91
796 8.68
946 7.79
866 7.55
825 7.57
303 8.93
256 8.51
736 8.71
786 4.17
847 7.88
821 7.59
905 8.38
834 8.99
871 8.16
898 9.00
824 7.00
840 7.47
735 8.51
931 4.13
856 8.29
857 8.66
861 8.26
814 8.47
823 7.99
867 7.39
602 9.47
746 8.66
889 8.32
904 4.10
916 8.66
890 8.45
829 8.82
909 4.40
883 8.51
903 6.40
918 7.71
830 8.65
926 7.14
839 8.01
810 7.82
879 7.50
858 9.37
1019 4.17
803 7.30
852 7.35
717 8.56
897 8.73
809 8.52
754 7.91
819 8.72
743 8.38
808 7.50
859 8.99
958 4.22
805 8.16
802 8.95
836 8.64
753 6.55
891 7.34
935 7.07
896 7.90
910 8.27
